波兰数据清洗步骤对比报告
==================================================
对比时间: 2025-08-07 12:42:13
原始文件: data/raw/GFK_FLATFILE_CARTIRE_EUROPE_PL_SAILUN_Jun25.csv
清洗文件: data/raw/GFK_FLATFILE_CARTIRE_EUROPE_PL_SAILUN_Jun25_cleaned.csv

对比结果:
----------------------------------------------------------------------
月份         原始第一行TOTAL         清洗后总和              差异             
----------------------------------------------------------------------
JUN 24     533,527            532,397            1,130          
JUL 24     614,603            613,219            1,384          
AUG 24     526,184            525,001            1,183          
SEP 24     772,320            770,737            1,583          
OCT 24     2,050,245          2,048,760          1,485          
NOV 24     2,203,172          2,201,063          2,109          
DEC 24     723,425            722,049            1,376          
JAN 25     597,026            595,284            1,742          
FEB 25     457,806            456,641            1,165          
MAR 25     883,879            882,382            1,497          
APR 25     1,077,021          1,075,446          1,575          
MAY 25     846,016            844,301            1,715          
JUN 25     558,179            558,369            -190           
----------------------------------------------------------------------
总计         11,843,403         11,825,649         17,754         

验证结果: 存在差异
总差异: 17,754 单位

结论: 存在 17,754 单位差异，需要进一步调查
